0 :  (40008008, 116327477)->(40008102, 116326605)
1 :  (40008102, 116326605)->(40008034, 116325578)
2 :  (40008008, 116327477)->(40008034, 116325578)
3 :  (40008008, 116327477)->(40008151, 116327164)
4 :  (40008034, 116325578)->(40008151, 116327164)
5 :  (40008151, 116327164)->(40008102, 116326605)
6 :  (40008393, 116326263)->(40008131, 116326011)
7 :  (40008131, 116326011)->(40008129, 116326349)
8 :  (40008129, 116326349)->(40008393, 116326263)
9 :  (40008393, 116326263)->(40008034, 116325578)
10 :  (40008034, 116325578)->(40008129, 116326349)
11 :  (40008034, 116325578)->(40008131, 116326011)
12 :  (40008224, 116326805)->(40008129, 116326349)
13 :  (40008393, 116326263)->(40008224, 116326805)
14 :  (40008393, 116326263)->(40008151, 116327164)
15 :  (40008151, 116327164)->(40008129, 116326349)
16 :  (40008151, 116327164)->(40008224, 116326805)
17 :  (40008008, 116327477)->(40008519, 116326469)
18 :  (40008034, 116325578)->(40008519, 116326469)
19 :  (40008519, 116326469)->(40008151, 116327164)
20 :  (40008519, 116326469)->(40008393, 116326263)
21 :  (40008034, 116325578)->(40008006, 116326991)
22 :  (40008006, 116326991)->(40008008, 116327477)
23 :  (40008519, 116326469)->(40009154, 116327023)
24 :  (40009154, 116327023)->(40008008, 116327477)
25 :  (40009154, 116327023)->(40007761, 116324901)
26 :  (40008008, 116327477)->(40007761, 116324901)
27 :  (40007761, 116324901)->(40008519, 116326469)
28 :  (40007761, 116324901)->(40008034, 116325578)
29 :  (40007761, 116324901)->(40008006, 116326991)
30 :  (40008720, 116325757)->(40008616, 116325533)
31 :  (40008616, 116325533)->(40007854, 116324331)
32 :  (40007854, 116324331)->(40008720, 116325757)
33 :  (40008720, 116325757)->(40009195, 116326570)
34 :  (40007854, 116324331)->(40009195, 116326570)
35 :  (40009195, 116326570)->(40009746, 116325990)
36 :  (40009746, 116325990)->(40007854, 116324331)
37 :  (40009746, 116325990)->(40008720, 116325757)
38 :  (40009746, 116325990)->(40008616, 116325533)
39 :  (40009195, 116326570)->(40008455, 116325360)
40 :  (40008455, 116325360)->(40009154, 116327023)
41 :  (40007854, 116324331)->(40009154, 116327023)
42 :  (40009746, 116325990)->(40009154, 116327023)
43 :  (40009154, 116327023)->(40009195, 116326570)
44 :  (40007854, 116324331)->(40008455, 116325360)
45 :  (40008082, 116325288)->(40008239, 116325485)
46 :  (40007761, 116324901)->(40008082, 116325288)
47 :  (40007761, 116324901)->(40008239, 116325485)
48 :  (40008239, 116325485)->(40007854, 116324331)
49 :  (40007761, 116324901)->(40007854, 116324331)
50 :  (40007854, 116324331)->(40008082, 116325288)
51 :  (40007761, 116324901)->(40008396, 116325855)
52 :  (40007854, 116324331)->(40008396, 116325855)
53 :  (40008396, 116325855)->(40008239, 116325485)
54 :  (40008396, 116325855)->(40008077, 116324930)
55 :  (40008077, 116324930)->(40007854, 116324331)
56 :  (40009154, 116327023)->(40008396, 116325855)
57 :  (40009154, 116327023)->(40008077, 116324930)
